0.011000 0.012000 0.013000 0.014000 0.015000 0.016000 0.017000 0.018000 0.019000 0.020000 0.021000 0.022000 0.023000 0.024000 0.025000 0.026000 
0.021000 0.021999 0.022998 0.023997 0.024997 0.025996 0.026996 0.027996 0.028996 0.029996 0.030996 0.031997 0.032997 0.033998 0.034999 0.036000 
0.031000 0.031998 0.032996 0.033995 0.034994 0.035992 0.036992 0.037991 0.038991 0.039992 0.040992 0.041994 0.042995 0.043996 0.044998 0.046000 
0.041000 0.041997 0.042995 0.043993 0.044991 0.045989 0.046988 0.047988 0.048988 0.049988 0.050989 0.051991 0.052993 0.053995 0.054997 0.056000 
0.051000 0.051997 0.052994 0.053991 0.054988 0.055986 0.056985 0.057984 0.058984 0.059985 0.060986 0.061988 0.062991 0.063994 0.064997 0.066000 
0.061000 0.061996 0.062992 0.063989 0.064986 0.065984 0.066982 0.067982 0.068982 0.069982 0.070984 0.071986 0.072989 0.073992 0.074996 0.076000 
0.071000 0.071996 0.072992 0.073988 0.074985 0.075982 0.076981 0.077980 0.078980 0.079981 0.080982 0.081985 0.082988 0.083992 0.084996 0.086000 
0.081000 0.081996 0.082991 0.083988 0.084984 0.085982 0.086980 0.087979 0.088979 0.089980 0.090982 0.091984 0.092988 0.093991 0.094996 0.096000 
0.091000 0.091996 0.092991 0.093988 0.094984 0.095982 0.096980 0.097979 0.098979 0.099980 0.100982 0.101984 0.102988 0.103991 0.104996 0.106000 
0.101000 0.101996 0.102992 0.103988 0.104985 0.105982 0.106981 0.107980 0.108980 0.109981 0.110982 0.111985 0.112988 0.113992 0.114996 0.116000 
0.111000 0.111996 0.112992 0.113989 0.114986 0.115984 0.116982 0.117982 0.118982 0.119982 0.120984 0.121986 0.122989 0.123992 0.124996 0.126000 
0.121000 0.121997 0.122994 0.123991 0.124988 0.125986 0.126985 0.127984 0.128984 0.129985 0.130986 0.131988 0.132991 0.133994 0.134997 0.136000 
0.131000 0.131997 0.132995 0.133993 0.134991 0.135989 0.136988 0.137988 0.138988 0.139988 0.140989 0.141991 0.142993 0.143995 0.144997 0.146000 
0.141000 0.141998 0.142996 0.143995 0.144994 0.145992 0.146992 0.147991 0.148991 0.149992 0.150992 0.151994 0.152995 0.153996 0.154998 0.156000 
0.151000 0.151999 0.152998 0.153997 0.154997 0.155996 0.156996 0.157996 0.158996 0.159996 0.160996 0.161997 0.162997 0.163998 0.164999 0.166000 
0.161000 0.162000 0.163000 0.164000 0.165000 0.166000 0.167000 0.168000 0.169000 0.170000 0.171000 0.172000 0.173000 0.174000 0.175000 0.176000 
